0.0 -0.0195521309497 -0.22725415155 -0.503829394856 
0.00999999046326 -0.018884726601 -0.227235542464 -0.503835504344 
0.0200000405312 -0.0190352585259 -0.227241809021 -0.503814399477 
0.0300000309944 -0.0193588745202 -0.227182175413 -0.503795647888 
0.0400000214577 -0.0189616883318 -0.227210030458 -0.503785425735 
0.0500000119209 -0.0188882818085 -0.227227765167 -0.503828321624 
0.0600000023842 -0.0194233127087 -0.227192047781 -0.503785523732 
0.0699999928474 -0.0192507073163 -0.227302777251 -0.503807519398 
0.0800000429153 -0.0189058477344 -0.227238747941 -0.503821881363 
0.0900000333786 -0.0192822995483 -0.22718751383 -0.503834779777 
0.100000023842 -0.0193946628648 -0.227157419416 -0.503832652563 
0.110000014305 -0.0189805838123 -0.227263848549 -0.503873802748 
0.120000004768 -0.0192411495925 -0.227232213607 -0.503863379546 
0.129999995232 -0.0196785706014 -0.227323525924 -0.503865250512 
0.139999985695 -0.0190520884937 -0.227311853281 -0.503856560822 
0.150000035763 -0.0193050077866 -0.227250759632 -0.503868433937 
0.160000026226 -0.0196339583129 -0.227345072008 -0.503862087948 
0.170000016689 -0.0192718897402 -0.227291522845 -0.503870905904 
0.180000007153 -0.0190855401147 -0.227352262744 -0.503822941497 
0.189999997616 -0.0197636158776 -0.227357029865 -0.503839423004 
0.199999988079 -0.0193997500012 -0.227314191719 -0.503836578921 
0.210000038147 -0.019097310392 -0.227457766921 -0.503847314012 
0.22000002861 -0.0196499106258 -0.227441405928 -0.503835364129 
0.230000019073 -0.0195991628203 -0.227394395807 -0.503860710147 
0.240000009537 -0.0191267086086 -0.227436486202 -0.503842516963 
0.250250041485 -0.0194603697909 -0.227455812161 -0.503821648359 
0.260250031948 -0.0196688518834 -0.227399429202 -0.503859939869 
0.270250022411 -0.0190057384151 -0.227484673849 -0.503836601759 
0.280250012875 -0.0191293630763 -0.227483434927 -0.503820080842 
0.290250003338 -0.0196059736341 -0.227383951417 -0.503823481638 
0.300249993801 -0.0190854106087 -0.227404111882 -0.503858120606 
0.310250043869 -0.0191426225576 -0.227397072197 -0.503859229101 
0.320250034332 -0.0195936048798 -0.227407457309 -0.503823318874 
0.330250024796 -0.0192840811408 -0.227355524327 -0.503847563924 
0.340250015259 -0.018951091799 -0.227329089234 -0.503839175744 
0.350250005722 -0.0193546396803 -0.227293136785 -0.503807496167 
0.360249996185 -0.0194789883047 -0.227370562025 -0.503838189115 
0.370249986649 -0.018954532523 -0.227268962873 -0.503864928737 
0.380250036716 -0.0193762122824 -0.227157853316 -0.503869964121 
0.39025002718 -0.0196898843662 -0.227225719818 -0.503863648568 
0.400250017643 -0.0190580703457 -0.227201345644 -0.503879952862 
0.410250008106 -0.0192341067193 -0.227234300497 -0.503874862499 
0.420249998569 -0.0196571510972 -0.227127833082 -0.503840526352 
0.430249989033 -0.019207884045 -0.227173632661 -0.503863040583 
0.440250039101 -0.019119309175 -0.22718110337 -0.503860281789 
0.450250029564 -0.0197794707283 -0.22714580237 -0.503859895334 
0.460250020027 -0.0194918218167 -0.227231405402 -0.503881602089 
0.47025001049 -0.0191542113888 -0.227211223646 -0.503879544596 
0.480250000954 -0.0197354426058 -0.227282683441 -0.503861062848 
0.490249991417 -0.0195741678925 -0.227283412861 -0.503850908255 
0.500500023365 -0.0190956372994 -0.227326418861 -0.503895695397 
0.510500013828 -0.0196019077675 -0.227402301949 -0.503843682842 
0.520500004292 -0.0197599305908 -0.227340595861 -0.503908375674 
0.530499994755 -0.0190834040753 -0.227395376039 -0.503912798125 
0.540499985218 -0.0195329782033 -0.22738916803 -0.503929693174 
0.550500035286 -0.0197412271471 -0.227493819196 -0.503916884471 
0.560500025749 -0.0192681689591 -0.227481030211 -0.50393618166 
0.570500016212 -0.0194567898178 -0.227546840032 -0.50395595035 
0.580500006676 -0.0199209561036 -0.227552540648 -0.503923262789 
0.590499997139 -0.0196364370499 -0.227588500772 -0.503983773169 
0.600499987602 -0.0193318950787 -0.227465648951 -0.503991901464 
0.61050003767 -0.0199301866471 -0.227513608076 -0.503974638455 
0.620500028133 -0.0197152286485 -0.22755093474 -0.503992319605 
0.630500018597 -0.0193480575073 -0.227410587228 -0.504028449416 
0.64050000906 -0.0199940597431 -0.227364472152 -0.504029118105 
0.650499999523 -0.020050895244 -0.227392299116 -0.504032704786 
0.660499989986 -0.0193705281481 -0.227367019353 -0.504046731012 
0.670500040054 -0.0197771565408 -0.227298998608 -0.504082841632 
0.680500030518 -0.0200770040753 -0.227243998913 -0.504076770199 
0.690500020981 -0.0195311499218 -0.227264963205 -0.504117746644 
0.700500011444 -0.0196829869729 -0.227147693052 -0.504138067572 
0.710500001907 -0.02012121646 -0.227147319812 -0.504088571827 
0.720499992371 -0.0197687501443 -0.227157969098 -0.504121808596 
0.730500042439 -0.0195315720338 -0.227086688055 -0.504151171109 
0.740500032902 -0.0201224834616 -0.227080393737 -0.504091658695 
0.750500023365 -0.019864566711 -0.227015700543 -0.504118657595 
0.760749995708 -0.0196023079339 -0.227027710737 -0.504151775053 
0.770749986172 -0.0200601605344 -0.22707452649 -0.504124820345 
0.78075003624 -0.0199753762666 -0.227109613346 -0.504119784925 
0.790750026703 -0.0195455680468 -0.227167908093 -0.504126971747 
0.800750017166 -0.0197002563186 -0.227127524611 -0.504122235541 
0.810750007629 -0.0199451376095 -0.227199447535 -0.504083870784 
0.820749998093 -0.0194404588908 -0.227240983294 -0.504115582048 
0.830749988556 -0.0195828611935 -0.227325973815 -0.504088394263 
0.840750038624 -0.0200603321945 -0.227246299945 -0.504100524685 
0.850750029087 -0.0196253350732 -0.227296126364 -0.50411277279 
0.86075001955 -0.0193501728321 -0.227340388993 -0.504098384943 
0.870750010014 -0.0199940499833 -0.227387569566 -0.504038142784 
0.880750000477 -0.0197195932386 -0.227353127763 -0.504080942841 
0.89074999094 -0.0193285172271 -0.227412422155 -0.504128947398 
0.900750041008 -0.0197242409822 -0.227373939234 -0.504063935195 
0.910750031471 -0.0196773508733 -0.227404353487 -0.504024880958 
0.920750021935 -0.0192089452355 -0.227311941451 -0.504081588008 
0.930750012398 -0.0193596734776 -0.227417679294 -0.504057519542 
0.940750002861 -0.0196655815792 -0.227423220864 -0.5040392267 
0.950749993324 -0.0190956778608 -0.227315073741 -0.504069421543 
0.960750043392 -0.0191346823308 -0.227314662131 -0.504063694464 
0.970750033855 -0.0194673503204 -0.227269232697 -0.504020232474 
0.980750024319 -0.0190035397191 -0.22734939605 -0.504021238033 
0.990750014782 -0.0188564434665 -0.227246775445 -0.504036943602 
1.00075000525 -0.0192564710113 -0.227229365705 -0.504008175384 
1.01074999571 -0.0189789660651 -0.227208644218 -0.50400220606 
1.02000004053 -0.0185057925227 -0.227141906294 -0.504033271266 
1.03000003099 -0.01880282371 -0.227129695319 -0.503972501804 
1.04000002146 -0.0189867986545 -0.227110400409 -0.504028534696 
1.05000001192 -0.0183078156351 -0.227130954603 -0.504054556866 
1.0597500205 -0.0184862811491 -0.227103627466 -0.504020240657 
1.06999999285 -0.0186493881028 -0.227071339111 -0.503996872698 
1.08000004292 -0.0180898534519 -0.22702160764 -0.504056969277 
1.09000003338 -0.0181863873906 -0.227074868407 -0.504037349922 
1.10000002384 -0.0184870759068 -0.227097374748 -0.504027734338 
1.11000001431 -0.0180117424151 -0.227023315919 -0.504071404543 
1.12000000477 -0.0176152245867 -0.226926572021 -0.504038202254 
1.12999999523 -0.0180880359814 -0.226982706438 -0.504043781863 
1.13999998569 -0.0178922539316 -0.227065049701 -0.504069985396 
1.15000003576 -0.0174457248005 -0.22694921392 -0.504093727357 
1.16000002623 -0.0178201538358 -0.227012284688 -0.504073627319 
1.17000001669 -0.0176678267621 -0.227067456305 -0.50404349691 
1.18000000715 -0.0170670998711 -0.226966439134 -0.504058650776 
1.18999999762 -0.0172061467142 -0.227069493321 -0.504041003311 
1.19999998808 -0.0173792942207 -0.227003704068 -0.504045158935 
1.21000003815 -0.016809950287 -0.227024249352 -0.504058160415 
1.22000002861 -0.0166193402619 -0.227069418699 -0.504046825663 
1.23000001907 -0.01702436121 -0.226957600434 -0.5040434264 
1.24000000954 -0.0165278178628 -0.22693316175 -0.50403509305 
1.25 -0.0161560585039 -0.226954253843 -0.504082237232 
1.25999999046 -0.0165091368275 -0.226971019028 -0.504049875881 
1.27000004053 -0.0162088241959 -0.226872770687 -0.504059814226 
1.28025001287 -0.0154800281384 -0.226938037888 -0.504028005343 
1.29025000334 -0.015803690794 -0.226867370647 -0.504034684135 
1.3002499938 -0.0156670589693 -0.226802803847 -0.5040591112 
1.31025004387 -0.0148853622303 -0.226847893716 -0.5040255537 
1.32025003433 -0.01498800827 -0.226800865863 -0.504029089261 
1.3302500248 -0.0149964075737 -0.226880938004 -0.503999532597 
1.34025001526 -0.0141219518801 -0.226786096352 -0.504033822614 
1.35025000572 -0.0138630074065 -0.226782216793 -0.504025415291 
1.36024999619 -0.0139591609264 -0.226786103743 -0.504016440787 
1.37024998665 -0.0131997039102 -0.226724463703 -0.504026158057 
1.38025003672 -0.0124488921739 -0.226721667148 -0.50401289033 
1.39025002718 -0.0125276275251 -0.226630357244 -0.503989831128 
1.40025001764 -0.0117540713172 -0.226615356521 -0.504009241195 
1.41025000811 -0.0106170626068 -0.2265672648 -0.504027640304 
1.42024999857 -0.0103637980893 -0.226582333162 -0.503987595074 
1.43024998903 -0.00967298103792 -0.226408966027 -0.504012424742 
1.4402500391 -0.00835879782965 -0.226357627126 -0.504083042324 
1.45025002956 -0.0076655892536 -0.226282983722 -0.504100602625 
1.46025002003 -0.007038402059 -0.226210585776 -0.504159848383 
1.47025001049 -0.00541590253094 -0.226050734358 -0.504153725149 
1.48025000095 -0.0044481892072 -0.225938449317 -0.504219533558 
1.49024999142 -0.00362186405759 -0.225744827113 -0.504200346703 
1.50025004148 -0.00208584959614 -0.225514951776 -0.504285248078 
1.51025003195 -0.000558151636741 -0.22527823931 -0.504283293618 
1.52025002241 0.000109716394843 -0.225132512614 -0.504299530098 
1.53025001287 0.0017172192256 -0.224919579812 -0.504328119733 
1.54049998522 0.00354447886715 -0.224662448984 -0.504327961939 
1.55050003529 0.00469299214631 -0.224283192944 -0.504263593317 
1.56050002575 0.0063933961073 -0.224047202314 -0.504235130844 
1.57050001621 0.00839099015638 -0.223752932625 -0.504260394019 
1.58050000668 0.00975820674438 -0.22347672508 -0.504235949206 
1.59049999714 0.0111229801354 -0.223197996703 -0.504257484932 
1.6004999876 0.0136607798848 -0.222736848191 -0.504161415794 
1.61050003767 0.0152122379705 -0.222403328038 -0.504165195523 
1.62050002813 0.0166397298754 -0.222120623696 -0.504123045751 
1.6305000186 0.0191663031843 -0.221767586431 -0.504069071765 
1.64050000906 0.0212151065564 -0.221315323349 -0.503975399884 
1.65049999952 0.0225978866535 -0.22097403447 -0.503962136787 
1.66049998999 0.0251387470038 -0.220586621013 -0.50385719249 
1.67050004005 0.0274267440341 -0.220142592456 -0.503770140635 
1.68050003052 0.0290326580127 -0.219809688975 -0.503671698348 
1.69050002098 0.0312680123261 -0.219533206106 -0.50359718455 
1.70050001144 0.0340091666695 -0.219247993122 -0.503453826349 
1.71050000191 0.0358337318774 -0.21886545452 -0.503391443045 
1.72049999237 0.0379517088355 -0.218566533849 -0.503286723175 
1.73050004244 0.0408279705043 -0.218264088634 -0.50310745926 
1.7405000329 0.0430446433557 -0.217983064986 -0.502986978587 
1.75050002337 0.0451367349075 -0.217702045715 -0.502833001041 
1.76050001383 0.0482509972793 -0.217386364685 -0.502605694817 
1.77050000429 0.0506815664551 -0.217105555092 -0.502442227451 
1.78049999475 0.0527938057182 -0.216921529021 -0.502305421693 
1.79049998522 0.0555128661006 -0.21659890278 -0.502092791441 
1.80075001717 0.0585822867005 -0.216361857128 -0.5018414873 
1.81075000763 0.0609123918442 -0.216013949672 -0.501661926349 
1.82074999809 0.0640187258402 -0.215741060432 -0.501327005421 
1.83074998856 0.0673284627072 -0.215473557348 -0.500935720346 
1.84075003862 0.0696991537227 -0.215331880288 -0.500640208934 
1.85075002909 0.0725433584561 -0.214984434018 -0.500274758124 
1.86075001955 0.0759002101264 -0.214785516558 -0.49981778397 
1.87075001001 0.0786733638205 -0.214557229303 -0.499449168128 
1.88075000048 0.0812833326312 -0.214288318372 -0.499082271322 
1.89074999094 0.0850398184481 -0.214030771888 -0.498472581035 
1.90075004101 0.0883112335719 -0.2137291625 -0.498002302653 
1.91075003147 0.0908903389702 -0.213390330022 -0.497638034688 
1.92075002193 0.0944936671321 -0.213169688929 -0.497044760892 
1.9307500124 0.0979332244761 -0.212938761498 -0.496452253401 
1.94075000286 0.100600658159 -0.2126822765 -0.496023226716 
1.95074999332 0.103999837283 -0.212385281174 -0.495394922485 
1.96075004339 0.107820615045 -0.21203033633 -0.494602684694 
1.97075003386 0.11064197179 -0.211824536408 -0.494057289551 
1.98075002432 0.113883061923 -0.211513636567 -0.493378667005 
1.99075001478 0.117571291834 -0.211197772251 -0.492600992523 
2.00075000525 0.120613869994 -0.210991392985 -0.491949124157 
2.01074999571 0.123694870897 -0.210509020266 -0.491293674705 
2.02074998617 0.127520143577 -0.210319855134 -0.490408259889 
2.03075003624 0.130798661009 -0.209882143838 -0.489683982747 
2.0407500267 0.133562431654 -0.209534224315 -0.489050472749 
2.05075001717 0.137350812136 -0.209234301631 -0.488147684591 
2.0597500205 0.1405798127 -0.20888331384 -0.48733070502 
2.06999999285 0.143279388954 -0.208491159922 -0.486622182567 
2.08000004292 0.146829194931 -0.208230606932 -0.485618497944 
2.09000003338 0.150440676631 -0.207814310169 -0.484593239737 
2.10000002384 0.153358072371 -0.207427529714 -0.48374226098 
2.11000001431 0.156429251154 -0.207010311025 -0.482885701216 
2.12000000477 0.16022423529 -0.206677602336 -0.481768114761 
2.12999999523 0.163344325652 -0.206195849959 -0.480828902444 
2.13999998569 0.166132787409 -0.206002601949 -0.479963122514 
2.15000003576 0.170100707068 -0.205561646767 -0.478624802686 
2.16000002623 0.173217590368 -0.205203331158 -0.477597770145 
2.17000001669 0.175987282777 -0.204831648447 -0.476666399148 
2.18000000715 0.179538386448 -0.204547951629 -0.475410284637 
2.18999999762 0.183145671324 -0.204255638752 -0.474115234219 
2.19999998808 0.185901193062 -0.203823066383 -0.473088372441 
2.21000003815 0.189250942679 -0.203438711838 -0.471805791152 
2.22000002861 0.192835195266 -0.203015816789 -0.470412030027 
2.23000001907 0.195535453304 -0.202500585436 -0.469316567138 
2.24000000954 0.198544221239 -0.202210507968 -0.468148475776 
2.25 0.202148521965 -0.201757335857 -0.466618493781 
2.25999999046 0.204935920411 -0.201450837523 -0.46550150703 
2.27000004053 0.207786912906 -0.201082975887 -0.464281411825 
2.28000003099 0.211316571184 -0.200574274919 -0.462707607039 
2.29000002146 0.21430193944 -0.200278733063 -0.461327483373 
2.30000001192 0.216801134529 -0.199909906882 -0.460229915293 
2.31000000238 0.220389341251 -0.199520313228 -0.458501886271 
2.32025003433 0.22368573554 -0.199128072765 -0.456887345103 
2.3302500248 0.226192249158 -0.198864281438 -0.455589625753 
2.34025001526 0.229314040728 -0.198566595218 -0.453990448545 
2.35025000572 0.23261341406 -0.198116517583 -0.452238442204 
2.36024999619 0.2350490194 -0.19778395661 -0.450949557784 
2.37024998665 0.238000518611 -0.197357727639 -0.449332162797 
2.38025003672 0.241348941418 -0.197138883603 -0.447416424582 
2.39025002718 0.243985164564 -0.196617350841 -0.445843834806 
2.40025001764 0.246601568005 -0.19632412316 -0.444297827764 
2.41025000811 0.250085403451 -0.195974335083 -0.442190942067 
2.42024999857 0.252870014158 -0.195665037045 -0.440433438525 
2.43024998903 0.255306567224 -0.195238942023 -0.438879585414 
2.4402500391 0.258491446758 -0.194860047146 -0.436937046968 
2.45025002956 0.261550513327 -0.194546005361 -0.434954416189 
2.46025002003 0.263980917597 -0.194161621309 -0.433344233224 
2.47025001049 0.266964841155 -0.193735625644 -0.431415289757 
2.48025000095 0.270136556131 -0.193373937487 -0.429289426484 
2.49024999142 0.272674895316 -0.192996623154 -0.42749016781 
2.50025004148 0.275516869112 -0.192652312397 -0.42559462833 
2.51025003195 0.278770225812 -0.192100453334 -0.423352612637 
2.52025002241 0.281362339042 -0.191842774126 -0.421582905216 
2.53025001287 0.283864765785 -0.191507691582 -0.419882443438 
2.54025000334 0.28710207914 -0.191124375713 -0.41756091855 
2.5502499938 0.289988515668 -0.190920008 -0.415482454555 
2.56025004387 0.292461133489 -0.190623772142 -0.413701845997 
2.57025003433 0.295728591829 -0.190398130884 -0.411390076074 
2.58050000668 0.298607831833 -0.190094460048 -0.409239172611 
2.59049999714 0.301211617296 -0.190020041562 -0.407244390441 
2.6004999876 0.304363197901 -0.189697730832 -0.404859914272 
2.61050003767 0.307353729745 -0.189618353556 -0.402505611047 
2.62050002813 0.309888349473 -0.189432395476 -0.400408656911 
2.6305000186 0.312868475671 -0.189164114468 -0.39800638073 
2.64050000906 0.315880463541 -0.188924298658 -0.395577426786 
2.65049999952 0.318344798389 -0.18860424479 -0.393437956584 
2.66049998999 0.321254723364 -0.188357980574 -0.390929966789 
2.67050004005 0.324188122381 -0.18800489106 -0.388375982284 
2.68050003052 0.326663968874 -0.187818302787 -0.386026554822 
2.69050002098 0.329125295024 -0.187493079233 -0.383703257329 
2.70050001144 0.332223993245 -0.18723802683 -0.380813196196 
2.71050000191 0.334955161413 -0.186812852686 -0.378126097744 
2.72049999237 0.337108138152 -0.186586726121 -0.375927058345 
2.73050004244 0.339882877248 -0.186384973339 -0.37315162139 
2.74024999142 0.342620366441 -0.186049958559 -0.370291262702 
2.75050002337 0.344837446648 -0.185780798601 -0.367928160026 
2.76050001383 0.347294767256 -0.185495578518 -0.365299336611 
2.77025002241 0.35012067628 -0.185248979226 -0.362232709899 
2.78049999475 0.352260530447 -0.184895885187 -0.359831281798 
2.79049998522 0.354484824345 -0.184692709987 -0.357308900383 
2.80050003529 0.357153781343 -0.184352189769 -0.354226637294 
2.81050002575 0.359234331267 -0.184119780932 -0.351717735946 
2.82050001621 0.361285159584 -0.183759746412 -0.349257552939 
2.8302500248 0.363767446591 -0.18337108564 -0.346210179304 
2.84075003862 0.365957562668 -0.183109734322 -0.343319629986 
2.85075002909 0.367836565293 -0.1828008247 -0.340804383076 
2.86075001955 0.370175231303 -0.18244128761 -0.337746931737 
2.87075001001 0.372356292728 -0.182225634312 -0.334745369429 
2.88075000048 0.373951855688 -0.181872417307 -0.332358865881 
2.89074999094 0.376079356628 -0.181589061057 -0.329353307716 
2.90075004101 0.378242833067 -0.181240265245 -0.326068353348 
2.91075003147 0.379815372898 -0.181013424275 -0.323657406027 
2.92075002193 0.381695270993 -0.180767780409 -0.320717367489 
2.9307500124 0.383731718059 -0.180475181479 -0.317575515995 
2.94075000286 0.385369374337 -0.180225133599 -0.314820976508 
2.95074999332 0.387063610811 -0.179965164974 -0.312034631615 
2.96075004339 0.389039775679 -0.179574491166 -0.308667924153 
2.97075003386 0.390613808959 -0.179358288117 -0.305832068401 
2.98050004244 0.392015904334 -0.179092431432 -0.303136092247 
2.9905000329 0.39400593512 -0.178795658663 -0.299678811607 
3.00075000525 0.395685432247 -0.17858042498 -0.296568766534 
3.01074999571 0.397125296781 -0.178378762425 -0.29373588734 
3.02074998617 0.3988251049 -0.178065816278 -0.290457503483 
3.03049999475 0.400539660439 -0.177950020181 -0.287083739863 
3.04049998522 0.401817411749 -0.177658950595 -0.284325253408 
3.05050003529 0.40335146894 -0.177393629033 -0.281019034608 
3.06075000763 0.405048528917 -0.177229205883 -0.277576002951 
3.07050001621 0.406264658566 -0.176935417799 -0.274736956421 
3.08074998856 0.407531721032 -0.176786691853 -0.271848372222 
3.09075003862 0.409120097827 -0.176517779533 -0.268281475371 
3.10000002384 0.410244869396 -0.176388304885 -0.265574985525 
3.11000001431 0.411386946853 -0.176157163447 -0.262648537686 
3.12000000477 0.412826338575 -0.175942927477 -0.259259081028 
3.12999999523 0.414036133265 -0.17571770657 -0.256164451722 
3.13999998569 0.414999230808 -0.175458520128 -0.253383573018 
3.15000003576 0.416264369898 -0.175349220401 -0.250079416013 
3.16000002623 0.417539334665 -0.175163607472 -0.246698088642 
3.17000001669 0.418324813274 -0.174862402076 -0.244137506743 
3.18000000715 0.419408419203 -0.174652181293 -0.241118065238 
3.18999999762 0.420567746042 -0.174500664351 -0.237701954081 
3.19999998808 0.421398473001 -0.174296635425 -0.234971147595 
3.21000003815 0.422207803527 -0.174086552983 -0.232197109058 
3.22000002861 0.423287459711 -0.173971453289 -0.228810148136 
3.23000001907 0.424047239776 -0.17388060756 -0.226016314906 
3.23975002766 0.424701699158 -0.173649701545 -0.223350605344 
3.25 0.425617133157 -0.17351542863 -0.220095394358 
3.25999999046 0.426392014852 -0.173438455662 -0.217102869518 
3.27000004053 0.426914258881 -0.173377599309 -0.214472636173 
3.28000003099 0.427691058401 -0.173085885106 -0.211271965554 
3.29000002146 0.428423260831 -0.173036214457 -0.208064272494 
3.30000001192 0.428883709139 -0.173171565333 -0.205446863961 
3.31000000238 0.429479836786 -0.173130063629 -0.2025393242 
3.31999999285 0.430178571102 -0.173033163883 -0.199489365533 
3.33000004292 0.430650824567 -0.172975887972 -0.196743786746 
3.34000003338 0.431086488255 -0.173048181001 -0.194061972315 
3.35000002384 0.431714724321 -0.172987923737 -0.1908816091 
3.36024999619 0.432093248508 -0.172958065326 -0.188127026016 
3.37024998665 0.432448340717 -0.172971262792 -0.185386686881 
3.38025003672 0.433008554575 -0.173132677966 -0.182254819681 
3.39025002718 0.433403382372 -0.173100602261 -0.179418499773 
3.40025001764 0.433674150784 -0.173102978077 -0.177189583319 
3.41025000811 0.434085263896 -0.173097760656 -0.174148078651 
3.42024999857 0.434496268225 -0.173050556402 -0.171304218847 
3.43024998903 0.434665877818 -0.173167159411 -0.169048782629 
3.4402500391 0.43505733527 -0.173159281363 -0.166122878534 
3.45025002956 0.435443924671 -0.173202833513 -0.163121624868 
3.46025002003 0.435502699097 -0.173298652641 -0.160933678055 
3.47025001049 0.435672164887 -0.173448032006 -0.158472323958 
3.48025000095 0.435994293953 -0.173592124401 -0.15558752661 
3.49024999142 0.436046936211 -0.173662094301 -0.153402712359 
3.50025004148 0.436073726021 -0.173788662727 -0.151312576276 
3.51025003195 0.436317556749 -0.174015347269 -0.148450516504 
3.52025002241 0.436429594654 -0.174207883032 -0.146042590474 
3.53025001287 0.436381889574 -0.174358777272 -0.144167274109 
3.54025000334 0.436536004412 -0.174498977944 -0.141741970385 
3.5502499938 0.436657252226 -0.17456906396 -0.139398788647 
3.56025004387 0.436549237673 -0.174891061032 -0.137770559035 
3.57025003433 0.436593364128 -0.17504562121 -0.135524212737 
3.5802500248 0.436703163404 -0.175100505587 -0.133234086156 
3.59025001526 0.436622787249 -0.175247840198 -0.131560956841 
3.60025000572 0.436553931546 -0.175359871654 -0.129624979677 
3.61024999619 0.436618991149 -0.175520363722 -0.127435854973 
3.62050002813 0.436543193925 -0.175724557741 -0.125670619073 
3.6305000186 0.436433092155 -0.175923320697 -0.123951004885 
3.64050000906 0.436458061392 -0.176024449369 -0.121764759944 
3.65049999952 0.436353853071 -0.176169058848 -0.120104052747 
3.66049998999 0.436192067532 -0.1762652498 -0.11869207055 
3.67050004005 0.436160283175 -0.176489938213 -0.116711130964 
3.68050003052 0.436043838951 -0.176591496997 -0.114943443274 
3.69050002098 0.435828523359 -0.176857229304 -0.113622786514 
3.70050001144 0.435730533966 -0.176859125813 -0.111849724408 
3.71050000191 0.435654007636 -0.177108403556 -0.110058372648 
3.72049999237 0.435447399916 -0.177181641536 -0.108818012772 
3.73050004244 0.435308000486 -0.177366531046 -0.10727376662 
3.7405000329 0.43523153763 -0.177502782309 -0.105456919627 
3.75050002337 0.4349874931 -0.177622941763 -0.104229592678 
3.76050001383 0.434789463453 -0.177708929634 -0.102875470281 
3.77050000429 0.434645425248 -0.177765456576 -0.101173950501 
3.78049999475 0.43445186779 -0.177903600523 -0.0998138410015 
3.79049998522 0.434163076335 -0.178000688374 -0.0987493988376 
3.80050003529 0.434020673164 -0.178098425485 -0.0971360154287 
3.81050002575 0.4338325235 -0.178177190773 -0.09590851383 
3.82050001621 0.433581627799 -0.178273020335 -0.0949035114796 
3.8302500248 0.43341361267 -0.178275715742 -0.0935592518129 
3.84049999714 0.433226341796 -0.178340542474 -0.0920901743874 
3.8504999876 0.433004212896 -0.178437381913 -0.0912220914849 
3.86050003767 0.432848177155 -0.178433872507 -0.0902119020729 
3.87050002813 0.432711592959 -0.178492573162 -0.0887973398314 
3.88075000048 0.432429968994 -0.178566854831 -0.0880914465295 
3.89074999094 0.432226900892 -0.17856237004 -0.0872402172761 
3.90075004101 0.432103580902 -0.17850711955 -0.0860151494427 
3.91075003147 0.431891637378 -0.178466896003 -0.08513998771 
3.92075002193 0.431653951065 -0.178592007942 -0.0846529555079 
3.9307500124 0.431495044462 -0.178460989517 -0.0835499949259 
3.94075000286 0.431314001951 -0.178432322071 -0.0828034903079 
3.95074999332 0.431050714322 -0.178312685685 -0.0824634082383 
3.96075004339 0.430890915985 -0.178276797968 -0.0816808895453 
3.97075003386 0.430771734888 -0.17815880373 -0.0809086811444 
3.98075002432 0.430511202242 -0.178116891611 -0.0806560470565 
3.99075001478 0.430334909825 -0.17802243441 -0.0800757100043 
4.00075000525 0.430258875781 -0.177913218374 -0.0794453357454 
4.01074999571 0.429996050949 -0.177836896956 -0.079281311031 
4.02074998617 0.42984812853 -0.177748817986 -0.0789229276237 
4.03075003624 0.42975814882 -0.177663779165 -0.0782298873322 
4.0407500267 0.429572287928 -0.177601176003 -0.078010407507 
4.05075001717 0.429385910665 -0.177523179216 -0.0778770906574 
4.06075000763 0.429295631283 -0.177339294705 -0.077187733603 
4.07074999809 0.429174721567 -0.177344408182 -0.076931338195 
4.08074998856 0.428965982938 -0.177119153132 -0.0770329750661 
4.09075003862 0.428900428556 -0.177043289075 -0.076520640491 
4.10075002909 0.428849907296 -0.176935194272 -0.0761230031954 
4.11075001955 0.428704218712 -0.176869281036 -0.0761796720003 
4.12075001001 0.428667146875 -0.17677479307 -0.0759102239358 
4.13075000048 0.42862632917 -0.176682758772 -0.0754283553591 
4.13999998569 0.428594993499 -0.176703953789 -0.0755439564137 
4.15000003576 0.428468341541 -0.17661956896 -0.0754360182581 
4.16000002623 0.428486225334 -0.176537099719 -0.0749098984547 
4.17000001669 0.428426010751 -0.176563938041 -0.0747937931226 
4.18000000715 0.428306359796 -0.176390358191 -0.0747820047447 
4.18999999762 0.428314530696 -0.17634843045 -0.0743737890646 
4.19999998808 0.428267329536 -0.176318331438 -0.0739642049445 
4.21000003815 0.428175892408 -0.176308215617 -0.0742824379764 
4.22000002861 0.428122299192 -0.176195644408 -0.0738351723321 
4.23000001907 0.428147842953 -0.176294850315 -0.0735270281706 
4.24000000954 0.428113589498 -0.176221546851 -0.0736178907716 
4.25 0.428058756483 -0.176172269578 -0.0734441794483 
4.25999999046 0.428106481423 -0.176130396109 -0.0729843373865 
4.27000004053 0.42803749428 -0.176117927339 -0.0731247813555 
4.28000003099 0.428056166234 -0.176099324555 -0.0730986370696 
4.29000002146 0.428086960676 -0.176034039304 -0.0725943312361 
4.30000001192 0.42811215559 -0.175964471554 -0.0725344540252 
4.31000000238 0.428114987132 -0.175928629518 -0.072774884935 
4.31999999285 0.428197394118 -0.175793122332 -0.0723687805953 
4.33000004292 0.428238214569 -0.175783650576 -0.0721123222994 
4.34000003338 0.428265482552 -0.175765180448 -0.0724439129731 
4.35000002384 0.428224282654 -0.175666800557 -0.0721321979919 
4.36000001431 0.428340985932 -0.175516562147 -0.0718072089888 
4.37000000477 0.428247993488 -0.175552252162 -0.072112682184 
4.37999999523 0.428272044288 -0.175423011632 -0.0719346404962 
4.38999998569 0.428328875254 -0.175421639424 -0.0715548167109 
4.40025001764 0.428282561514 -0.175441411045 -0.0717521957926 
4.41025000811 0.428315748735 -0.175423758879 -0.0718855737468 
4.42024999857 0.428363614073 -0.175363621546 -0.0713925902581 
4.43024998903 0.428380591886 -0.175342187332 -0.0714733375696 
4.4402500391 0.428372658126 -0.175198875637 -0.0717617003991 
4.45025002956 0.428426823797 -0.175223710743 -0.0714114983092 
4.46025002003 0.428404820301 -0.175167436238 -0.071252695542 
4.47025001049 0.428362297074 -0.175196485202 -0.0715105927747 
4.48025000095 0.428409099798 -0.175076821327 -0.071385528348 
4.49024999142 0.428422421569 -0.175093224451 -0.0710479561717 
4.50025004148 0.428350334465 -0.175059280917 -0.0713878588982 
4.51025003195 0.428382100695 -0.174962367464 -0.0712636280445 
4.52025002241 0.428434325754 -0.174992421671 -0.0709140665574 
4.53025001287 0.428393170821 -0.174982065762 -0.0712180634618 
4.54025000334 0.428375744095 -0.174877862206 -0.0713429231392 
4.5502499938 0.428446942987 -0.174930332077 -0.0709115827277 
4.56025004387 0.428442146547 -0.174850901317 -0.0709366198476 
4.57025003433 0.428409937473 -0.174857319287 -0.0711739816591 
4.5802500248 0.428435669089 -0.174811585789 -0.0709068188151 
4.59025001526 0.428509820198 -0.174827193574 -0.070844618463 
4.60025000572 0.428443188964 -0.174775088745 -0.0711283001534 
4.61024999619 0.428473082064 -0.174798261471 -0.071060665727 
4.62024998665 0.428498149971 -0.174752577614 -0.070690366894 
4.63025003672 0.42848546971 -0.174749539379 -0.0710998615944 
4.64025002718 0.428465782373 -0.174772817801 -0.0711114353212 
4.65025001764 0.428502203772 -0.174685467864 -0.0707807707107 
4.66049998999 0.428516623466 -0.174747009016 -0.0710277714072 
4.67050004005 0.428494152089 -0.174723722507 -0.0709917856664 
4.68050003052 0.428610075116 -0.174708842566 -0.0707486905508 
4.69050002098 0.428650008826 -0.174568627888 -0.0709781319194 
4.70050001144 0.428628254526 -0.174607688681 -0.0712320667493 
4.71050000191 0.42874505699 -0.174549049453 -0.0709923143257 
4.72049999237 0.428770467881 -0.174532925907 -0.0708980651912 
4.73050004244 0.428708899627 -0.174542983974 -0.0711913446107 
4.7405000329 0.42874426091 -0.174404350017 -0.0710291096301 
4.75050002337 0.428767021518 -0.174486685659 -0.0707778483794 
4.76050001383 0.4287057536 -0.174524999737 -0.0711740532076 
4.77050000429 0.428718524379 -0.174512168428 -0.071011518975 
4.78049999475 0.42873085326 -0.174560602592 -0.0707552579441 
4.79049998522 0.428682576978 -0.174596292857 -0.0710019934155 
4.80050003529 0.428661740918 -0.174612237843 -0.0709616711892 
4.81050002575 0.428712294593 -0.174616721758 -0.0706535284239 
4.82050001621 0.428721120835 -0.174659202255 -0.0707781821043 
4.83050000668 0.42866422322 -0.17465004851 -0.0708763640712 
4.84049999714 0.428749261678 -0.174611123795 -0.0705748069925 
4.8504999876 0.42873527258 -0.174644581479 -0.0705683854788 
4.86050003767 0.428692501764 -0.174640345024 -0.0708669575268 
4.87050002813 0.428752277311 -0.17465856817 -0.0705300512373 
4.8805000186 0.428763059693 -0.174616205156 -0.0702354901875 
4.89050000906 0.428723637921 -0.174627277242 -0.0705527829533 
4.90049999952 0.428813823884 -0.174620795333 -0.0704391851583 
4.91049998999 0.428810887345 -0.174625934554 -0.0701006013114 
4.92075002193 0.428775755205 -0.174574938082 -0.0702796157606 
4.9307500124 0.428791404429 -0.174574400764 -0.0703065267888 
4.94075000286 0.428857279821 -0.174613735671 -0.0698636914635 
4.95074999332 0.428852806422 -0.174629973044 -0.0699880600173 
4.96075004339 0.428798182491 -0.17463295466 -0.0701299060146 
4.97075003386 0.428896771488 -0.174597250848 -0.069775160667 
4.98075002432 0.428857012808 -0.174562388938 -0.0695376829892 
4.99075001478 0.428836040534 -0.17453547716 -0.0698779881131 
5.00075000525 0.428880891171 -0.174639034706 -0.0694262714108 
5.01074999571 0.428947622641 -0.174666529923 -0.0692174329975 
5.02074998617 0.428913650372 -0.174707601695 -0.0695747366912 
5.03075003624 0.428993370148 -0.174747305645 -0.0693940173253 
5.0407500267 0.429139272135 -0.174783609425 -0.069061477693 
5.05075001717 0.429123546064 -0.174909127278 -0.0692933165952 
5.06075000763 0.429156267683 -0.174930343234 -0.0693686288137 
5.07074999809 0.429186212896 -0.174879596685 -0.0687997597701 
5.08074998856 0.429174332344 -0.174980816366 -0.0688676982057 
5.09075003862 0.429106606853 -0.174937580282 -0.0689441394437 
5.10075002909 0.429180804475 -0.174966062469 -0.0684934114659 
5.11075001955 0.429214199575 -0.175060998235 -0.0684401293645 
5.12075001001 0.429229244389 -0.175097561274 -0.0685978599653 
5.13075000048 0.42934211709 -0.175159042224 -0.0682216612259 
5.14074999094 0.429432800882 -0.175202676871 -0.0680879500092 
5.15075004101 0.429448756364 -0.17520431491 -0.0683360087882 
5.16075003147 0.42948818679 -0.175285043186 -0.0681277791746 
5.17075002193 0.429540146597 -0.175198323131 -0.0676884999683 
5.18000000715 0.429455029359 -0.17518046414 -0.0677916763893 
5.18999999762 0.429449838621 -0.175206360143 -0.0677838996115 
5.19999998808 0.429488996628 -0.175125833622 -0.0672558137167 
5.21000003815 0.42952261295 -0.175128900223 -0.0671929317104 
5.22000002861 0.429529545967 -0.175109600932 -0.0673651696819 
5.22975003719 0.429644930401 -0.175028039291 -0.0668178439807 
