5 3 0 0
0.14734 0 0 0
2.0104 0.43816 -0.17758 0.067846
0.085127 0.0064387 0.00027582 0.010632
0.0064387 0.00082428 6.3739e-05 0.00119
0.00027582 6.3739e-05 7.9346e-05 7.9037e-05
0.010632 0.00119 7.9037e-05 0.001856
0.084113 0 0 0
1.6606 0.39693 -0.17785 0.045311
0.067296 0.011426 0.0023722 0.012216
0.011426 0.0020969 0.00048278 0.0022717
0.0023722 0.00048278 0.0002349 0.00055387
0.012216 0.0022717 0.00055387 0.0025782
0.29887 0 0 0
1.1206 0.30386 -0.19816 -0.12182
0.13731 0.017581 0.0024012 0.02285
0.017581 0.0026062 0.0003832 0.0033397
0.0024012 0.0003832 0.00010677 0.0004556
0.02285 0.0033397 0.0004556 0.0050161
0.19521 0 0 0
0.3258 0.21962 -0.20989 -0.2315
0.043695 0.00074999 0.00015774 0.00026175
0.00074999 0.00020179 1.8184e-05 -3.9632e-05
0.00015774 1.8184e-05 6.6049e-05 -2.5135e-05
0.00026175 -3.9632e-05 -2.5135e-05 0.0001427
0.27446 0 0 0
2.7439 0.49044 -0.16862 0.13935
0.13604 0.0023758 -0.0014644 0.0016864
0.0023758 8.5556e-05 -4.326e-05 2.9255e-05
-0.0014644 -4.326e-05 8.0855e-05 1.0607e-05
0.0016864 2.9255e-05 1.0607e-05 0.00010498
